-1.74557      0.727757        0.911334           0.385332      2
-1.73057      0.767979        0.904283           0.461236      2.02
-1.7149      0.809585        0.896791           0.533634      2.04
-1.69841      0.849248        0.888598           0.613416      2.06
-1.68067      0.911211        0.879023           0.800949      2.08
-1.66206      0.959702        0.868896           0.936821      2.1
-1.64238      1.0134        0.857141           1.21816      2.12
-1.6211      1.0995        0.843878           1.50162      2.14
-1.59868      1.15417        0.828818           1.79179      2.16
-1.57384      1.28349        0.809217           3.11265      2.18
-1.54718      1.36823        0.787357           3.69437      2.2
-1.51655      1.56038        0.754595           7.02329      2.22
-1.48168      1.85474        0.703206           805.966      2.24
-1.44492      1.99549        0.648627           701.323      2.26
-1.40391      2.10736        0.575714           558.501      2.28
-1.35443      2.14576        0.435023           324.23      2.3
-1.31452      1.79053        0.332425           230.266      2.32
-1.28409      1.56596        0.287653           174.292      2.34
-1.25455      1.37603        0.233585           119.644      2.36
-1.22789      1.24599        0.192936           83.8986      2.38
-1.2047      1.13672        0.171604           66.3283      2.4
