-1.74541      0.729551        0.911083           0.401548      2
-1.73055      0.769083        0.904269           0.461782      2.02
-1.71498      0.808909        0.896855           0.531053      2.04
-1.69844      0.853527        0.888651           0.617231      2.06
-1.68043      0.912135        0.87876           0.798101      2.08
-1.66211      0.963162        0.868874           0.954443      2.1
-1.64198      1.03049        0.856605           1.27167      2.12
-1.62027      1.12443        0.841174           2.68894      2.14
-1.59776      1.19488        0.82692           2.16968      2.16
-1.57379      1.27128        0.809574           2.73477      2.18
-1.54801      1.36521        0.78935           3.40642      2.2
-1.51631      1.56629        0.754453           417.286      2.22
-1.48401      1.67507        0.717273           377.776      2.24
-1.44746      1.89938        0.664789           314.229      2.26
-1.40715      1.99894        0.598633           275.634      2.28
-1.36544      1.99807        0.520525           216.868      2.3
-1.32813      1.88819        0.452932           166.858      2.32
-1.29048      1.6626        0.379751           127.636      2.34
-1.26124      1.50918        0.333416           101.377      2.36
-1.2338      1.3468        0.293178           80.3568      2.38
-1.20737      1.20689        0.2562           62.4846      2.4
