-1.74567      0.719823        0.911385           0.375014      2
-1.73124      0.758211        0.904835           0.433606      2.02
-1.71472      0.808858        0.896574           0.546347      2.04
-1.69913      0.850399        0.888871           26.0754      2.06
-1.68122      0.896855        0.879571           149.508      2.08
-1.6622      0.962378        0.868698           78.4475      2.1
-1.64193      1.02832        0.856186           138.976      2.12
-1.6207      1.09712        0.842593           129.385      2.14
-1.59758      1.17913        0.826746           124.255      2.16
-1.57361      1.26347        0.809048           120.703      2.18
-1.54741      1.34202        0.788614           115.557      2.2
-1.51867      1.45927        0.762671           108.873      2.22
-1.49058      1.5153        0.738354           101.748      2.24
-1.46001      1.58745        0.70853           93.8984      2.26
-1.4284      1.62852        0.676574           86.6781      2.28
-1.39413      1.66743        0.63764           78.0954      2.3
-1.36267      1.65328        0.603285           70.8923      2.32
-1.32913      1.62818        0.564449           63.0702      2.34
-1.29472      1.57329        0.52074           55.0178      2.36
-1.26606      1.50042        0.488279           49.12      2.38
-1.23571      1.40821        0.450959           42.7664      2.4
