-1.92847      0.261312        0.979705           0.0430184      1.6
-1.89819      0.340688        0.970125           0.0690422      1.7
-1.85926      0.439159        0.956763           34.3348      1.8
-1.80883      0.567096        0.937719           26.4323      1.9
-1.7457      0.715353        0.911678           41.2538      2
-1.66411      0.914298        0.871612           36.6694      2.1
-1.56108      1.13467        0.812094           31.2503      2.2
-1.43686      1.28935        0.728969           25.0739      2.3
-1.30816      1.28353        0.634116           19.2481      2.4
-1.18501      1.1331        0.538688           14.2133      2.5
