-1.74541      0.730829        0.911201           0.388653      2
-1.73077      0.77449        0.904564           0.450738      2.02
-1.71505      0.816278        0.897003           0.530078      2.04
-1.69834      0.860816        0.888523           0.644424      2.06
-1.6806      0.91878        0.878948           0.816872      2.08
-1.66184      0.966432        0.868571           0.987537      2.1
-1.64264      1.01741        0.857802           1.10403      2.12
-1.62117      1.08199        0.843994           1.43085      2.14
-1.59765      1.20159        0.826928           2.26206      2.16
-1.57324      1.25595        0.808092           2.86524      2.18
-1.54608      1.44641        0.783771           5.24569      2.2
-1.51561      1.64751        0.750122           10.1769      2.22
-1.4865      1.69693        0.721325           11.2125      2.24
-1.44513      2.02827        0.649352           29.1289      2.26
-1.39744      2.2142        0.529836           862.302      2.28
-1.35192      2.16662        0.396755           388.951      2.3
-1.31171      1.73343        0.274263           286.88      2.32
-1.27962      1.50026        0.21087           179.223      2.34
-1.25224      1.3262        0.172235           119.712      2.36
-1.22706      1.22171        0.144732           86.3409      2.38
-1.20387      1.12837        0.124941           63.6035      2.4
