0
0
0
0
0
0
0
0
0
0
0
0
0
0
0
0
1.11111e-06
3.33333e-06
2.22222e-06
7.77778e-06
1.22222e-05
1e-05
2e-05
2.22222e-05
3.66667e-05
5.44444e-05
5.55556e-05
8.77778e-05
0.000106667
0.000154444
0.000187778
0.000244444
0.000307778
0.000418889
0.00043
0.000604444
0.000758889
0.000817778
0.00108889
0.00127
0.00141889
0.00169889
0.00212333
0.00230889
0.00272667
0.00315667
0.00361889
0.00402667
0.00460444
0.00512222
0.00563333
0.00631778
0.00701
0.00772444
0.00830333
0.00909111
0.0101333
0.0106733
0.0117167
0.01264
0.0134756
0.0143244
0.0153222
0.0164244
0.0172578
0.0180644
0.0194267
0.0200644
0.02116
0.0219689
0.0226833
0.0236667
0.0245467
0.0252033
0.0261022
0.0264511
0.0270289
0.02747
0.0278822
0.0278056
0.02774
0.0274544
0.0274878
0.0268322
0.0266867
0.0257144
0.0248678
0.0238222
0.0225233
0.0215178
0.0201222
0.0188556
0.0174789
0.0161144
0.0145389
0.0132311
0.0119111
0.0107233
0.00939778
0.00820111
0.00728222
0.00611444
0.00528444
0.00447556
0.00374333
0.00314111
0.00255333
0.00197778
0.00158
0.00131222
0.000993333
0.000845556
0.000621111
0.000455556
0.000326667
0.000265556
0.000217778
0.00015
8.66667e-05
8.55556e-05
5.66667e-05
3.88889e-05
2.44444e-05
2.11111e-05
1.88889e-05
7.77778e-06
5.55556e-06
2.22222e-06
4.44444e-06
3.33333e-06
1.11111e-06
0
0
0
0
0
0
0
0
0
0
0
0
0
0
0
0
0
0
0
0
0
0
0
0
0
0
0
0
0
0
0
0
0
0
0
0
0
0
0
0
0
0
0
0
0
0
0
0
0
0
0
0
0
0
0
0
0
0
0
0
0
0
0
0
0
0
0
0
0
0
0
0
0
0
0
0
0
0
0
0
0
0
0
0
0
0
0
0
0
0
0
0
0
0
0
0
0
0
0
0
0
0
0
0
0
0
0
0
0
0
0
0
0
0
0
0
0
0
0
0
0
0
0
0
0
0
0
0
0
0
0
0
0
0
0
0
0
0
0
0
0
0
0
0
0
0
0
0
0
0
0
0
0
0
0
0
0
0
0
0
0
0
0
0
0
0
0
0
0
0
0
0
0
0
0
0
0
0
0
0
0
0
0
0
0
0
0
0
0
0
0
0
0
0
0
0
0
0
0
0
0
0
0
0
0
0
0
0
0
0
0
0
0
0
0
0
0
0
0
0
0
0
0
0
0
0
0
0
0
0
0
0
0
0
0
0
0
0
0
0
0
0
0
0
0
0
0
0
0
0
0
0
0
0
0
0
0
0
0
0
0
0
0
0
0
0
0
0
0
0
